camera:
  fov: [78.9, 47.3]
  camera_matrix: [[3074.450334855393, 0, 1927.40029495241, 0, 3069.048158970631, 1067.614171124001, 0, 0, 1]]
  dist_matrix: [[0.03137653, -0.12123407, -0.00201505,  0.00188003,  0.21240537]]
  new_camera_matrix: [[3074.450334855393, 0, 1927.40029495241, 0, 3069.048158970631, 1067.614171124001, 0, 0, 1]]
